Pos( 1,:) = [ -0.0148822 0.0838487 0.00023887 ];
Pos( 2,:) = [ -0.00316969 0.109443 -0.00110212 ];
Pos( 3,:) = [ -0.00383518 0.157109 0.232412 ];
Pos( 4,:) = [ 0.00458171 0.0699595 -0.000914226 ];
Pos( 5,:) = [ 0.00250788 0.157835 0.195929 ];
Pos( 6,:) = [ -0.000523444 0.160617 0.0528431 ];
Pos( 7,:) = [ -0.00487587 0.102923 -0.00110236 ];
Pos( 8,:) = [ -0.00782456 0.0587236 -0.00154874 ];
Pos( 9,:) = [ 2.17313e-05 0.156422 0.209379 ];
Pos( 10,:) = [ -0.0122048 0.154491 -0.000655528 ];
Pos( 11,:) = [ -0.0147375 0.0499127 -0.000319029 ];
Pos( 12,:) = [ -0.0011146 0.1569 0.0673328 ];
Pos( 13,:) = [ -0.00158597 0.156878 0.151049 ];
Pos( 14,:) = [ -0.00732347 0.15625 0.0229399 ];
Pos( 15,:) = [ -0.00528656 0.156809 0.141459 ];
Pos( 16,:) = [ -0.0152377 0.113803 -0.000930026 ];
Pos( 17,:) = [ -0.00128178 0.152038 -0.000655312 ];
Pos( 18,:) = [ 0.00512993 0.156606 0.0610611 ];
Pos( 19,:) = [ -0.00998437 0.156433 0.115687 ];
Pos( 20,:) = [ -0.00445857 0.108682 -0.00178392 ];
Pos( 21,:) = [ -0.000606883 0.0831506 -0.00052841 ];
Pos( 22,:) = [ -0.00508961 0.15625 0.201589 ];
Pos( 23,:) = [ 0.00662891 0.139881 -0.000402988 ];
Pos( 24,:) = [ -0.000970492 0.0595623 -0.00164866 ];
Pos( 25,:) = [ 0.000504381 0.034651 -0.000609682 ];
Pos( 26,:) = [ -0.00843805 0.123889 -0.00140466 ];
Pos( 27,:) = [ -0.010945 0.126226 -0.000252781 ];
Pos( 28,:) = [ 0.00131235 0.156773 0.227448 ];
Pos( 29,:) = [ -0.0126732 0.11363 -0.000823139 ];
Pos( 30,:) = [ -0.00627016 0.15625 0.135107 ];
Pos( 31,:) = [ -0.0164615 0.0949681 -0.00292567 ];
Pos( 32,:) = [ -0.00828038 0.157852 0.0647304 ];
Pos( 33,:) = [ -0.00817557 0.157655 0.0547681 ];
Pos( 34,:) = [ -0.00879463 0.105823 0 ];
Pos( 35,:) = [ -0.00249415 0.0543126 -0.000108572 ];
Pos( 36,:) = [ -0.00692724 0.156373 0.130163 ];
Pos( 37,:) = [ -0.00868807 0.155728 -0.000134776 ];
Pos( 38,:) = [ 0.000179917 0.125879 -0.000101378 ];
Pos( 39,:) = [ 0.00120593 0.157839 0.199936 ];
Pos( 40,:) = [ -0.0142076 0.157043 0.0335517 ];
Pos( 41,:) = [ -0.0045097 0.078418 -0.000162279 ];
Pos( 42,:) = [ -0.003644 0.156442 0.0846811 ];
Pos( 43,:) = [ -0.00370964 0.156466 0.118052 ];
Pos( 44,:) = [ -0.0141019 0.15625 0.128007 ];
Pos( 45,:) = [ -0.00670549 0.157334 0.169314 ];
Pos( 46,:) = [ -0.00360912 0.156649 0.0987256 ];
Pos( 47,:) = [ -0.00840793 0.0425278 0.00291979 ];
Pos( 48,:) = [ 0.00319233 0.156721 0.132914 ];
Pos( 49,:) = [ -0.00243948 0.125301 -0.001651 ];
Pos( 50,:) = [ -0.00762542 0.158414 0.24302 ];
Pos( 51,:) = [ -0.0207974 0.0737068 -0.00066151 ];
Pos( 52,:) = [ -0.0135163 0.15682 0.14599 ];
Pos( 53,:) = [ -0.0280979 0.116407 -0.000115936 ];
Pos( 54,:) = [ -0.00881277 0.0794168 -0.0011077 ];
Pos( 55,:) = [ -0.0176617 0.156545 0.163617 ];
Pos( 56,:) = [ -0.0178674 0.156389 0.123752 ];
Pos( 57,:) = [ -0.00747723 0.0406802 -0.000379463 ];
Pos( 58,:) = [ -0.0221367 0.130508 -0.000110688 ];
Pos( 59,:) = [ -0.0118914 0.125107 -0.00128373 ];
Pos( 60,:) = [ -0.0134851 0.15625 0.127139 ];
Pos( 61,:) = [ -0.0162796 0.032208 -0.000471685 ];
Pos( 62,:) = [ -0.0205135 0.107757 -8.69496e-05 ];
Pos( 63,:) = [ -0.0234414 0.102343 -0.00106119 ];
Pos( 64,:) = [ -0.0167464 0.15625 0.0880256 ];
Pos( 65,:) = [ -0.0184714 0.156545 0.0990834 ];
Pos( 66,:) = [ -0.0137202 0.15625 0.11667 ];
Pos( 67,:) = [ -0.0160402 0.157381 0.155427 ];
Pos( 68,:) = [ -0.0181542 0.111719 -0.000678189 ];
Pos( 69,:) = [ -0.0234708 0.0372842 0.00151853 ];
Pos( 70,:) = [ -0.00729218 0.0707241 0 ];
Pos( 71,:) = [ -0.0211093 0.156411 0.14022 ];
Pos( 72,:) = [ -0.0243748 0.0442029 0.0172805 ];
Pos( 73,:) = [ -0.0123369 0.0874436 -0.000295303 ];
Pos( 74,:) = [ -0.00678551 0.0484528 0 ];
Pos( 75,:) = [ -0.01704 0.140743 -3.30872e-24 ];
Pos( 76,:) = [ -0.0200809 0.0368913 -2.103e-05 ];
Pos( 77,:) = [ -0.00666207 0.120185 -0.000106209 ];
Pos( 78,:) = [ -0.0114902 0.0863918 -0.000397881 ];
Pos( 79,:) = [ -0.017382 0.0609638 -0.00143664 ];
Pos( 80,:) = [ -0.0165263 0.0365381 -0.000908755 ];
Pos( 81,:) = [ -0.0187027 0.15638 0.141197 ];
Pos( 82,:) = [ -0.0187089 0.13271 -0.000313328 ];
Pos( 83,:) = [ -0.0308748 0.1083 -0.000435028 ];
Pos( 84,:) = [ -0.0332909 0.0797653 0.000734551 ];
Pos( 85,:) = [ -0.0153639 0.156512 0.0950268 ];
Pos( 86,:) = [ -0.0185152 0.0730239 -0.0015664 ];
Pos( 87,:) = [ -0.0177539 0.0909169 -0.000231012 ];
Pos( 88,:) = [ -0.0176799 0.1548 0 ];
Pos( 89,:) = [ -0.0278004 0.115816 -0.000472268 ];
Pos( 90,:) = [ -0.0210734 0.122584 -0.00148704 ];
Pos( 91,:) = [ -0.0141288 0.0736819 -9.83674e-06 ];
Pos( 92,:) = [ -0.0165578 0.0423861 -0.00109344 ];
Pos( 93,:) = [ -0.0217311 0.063009 -0.00161529 ];
Pos( 94,:) = [ -0.014434 0.157272 0.131987 ];
Pos( 95,:) = [ -0.014076 0.0244198 -0.0005016 ];
Pos( 96,:) = [ -0.0119349 0.15625 0.0706223 ];
Pos( 97,:) = [ -0.0264764 0.0865718 0 ];
Pos( 98,:) = [ -0.0120603 0.156508 0.166641 ];
Pos( 99,:) = [ -0.0237562 0.15675 0.0209335 ];
Pos( 100,:) = [ -0.0141518 0.0786926 -0.000288994 ];
